108
106
106
107
108
108
109
110
111
110
112
112
112
114
113
115
115
115
115
116
116
117
118
119
120
121
121
121
121
121
121
123
124
124
125
126
126
127
129
129
128
129
129
129
131
132
132
133
132
133
134
134
134
136
136
136
136
137
137
138
139
139
140
141
139
140
140
141
141
141
141
141
140
140
140
141
141
141
140
139
142
143
143
142
142
143
143
142
143
145
143
142
146
144
134
32
35
36
33
30
37
37
35
36
37
37
36
35
33
31
29
29
29
29
32
33
32
33
33
29
118
148
147
146
148
147
146
147
147
147
147
148
148
148
148
148
148
149
147
146
149
149
147
148
148
149
148
147
148
148
147
148
148
149
147
150
149
149
146
149
148
148
148
149
148
149
146
149
148
147
147
147
148
148
148
148
147
148
147
147
148
146
146
150
147
147
147
147
147
147
146
144
143
144
144
145
145
145
144
143
143
49
32
31
27
26
25
25
27
27
28
25
27
25
24
21
22
20
21
23
26
23
21
23
24
18
127
138
136
140
137
137
137
136
135
135
135
134
134
134
134
134
133
134
134
134
133
132
132
131
130
130
130
130
129
130
129
129
128
127
126
126
126
127
125
124
124
124
124
123
123
122
123
123
123
122
121
121
121
121
119
118
118
117
116
115
115
114
114
113
112
112
112
112
111
110
110
109
108
107
107
106
106
105
104
103
102
102
102
101
101
101
101
98
98
98
99
97
96
97
