192
192
192
192
192
193
193
193
194
194
194
194
194
194
194
194
195
195
195
195
195
196
196
196
196
196
196
196
197
198
197
197
197
197
197
197
197
197
197
197
197
198
198
198
198
198
199
199
199
199
199
199
199
199
199
200
199
199
199
199
199
200
200
201
200
199
199
200
201
201
200
200
200
199
198
199
200
201
201
200
201
201
201
201
201
201
201
201
201
201
201
201
201
201
200
200
201
201
198
201
198
207
197
204
200
198
207
180
119
65
66
66
67
63
78
139
183
205
203
200
200
200
197
197
197
165
158
151
140
93
52
44
52
53
53
56
58
58
48
40
48
95
167
202
201
202
203
204
204
204
204
204
205
205
205
204
204
204
204
204
204
204
204
204
203
203
202
201
174
157
142
72
58
55
67
58
51
55
50
50
59
56
49
47
55
53
47
45
60
92
135
169
189
194
198
199
199
201
202
202
203
203
201
201
202
197
201
202
200
199
203
188
119
44
44
47
45
44
48
47
44
43
102
155
184
202
197
199
198
196
196
198
196
196
196
196
195
195
194
194
194
194
194
194
194
194
194
195
196
196
196
195
195
196
196
197
197
197
197
197
197
198
198
198
197
197
197
197
196
196
196
196
197
196
196
196
196
196
196
196
195
195
195
195
195
195
195
194
194
194
194
194
194
193
193
193
193
193
193
193
192
192
192
192
192
192
192
192
191
191
191
191
191
191
191
190
190
190
190
190
